100_img_.png 0.733333 1.000000 1.000000
10139.png 0.215686 0.741176 0.874510
10151.png 0.066667 0.647059 0.933333
101_img_.png 0.933333 0.960784 1.000000
102_img_.png 1.000000 1.000000 1.000000
104_img_.png 0.301961 0.725490 0.772549
105_img_.png 1.000000 1.000000 1.000000
106_img_.png 0.047059 0.368627 0.658824
107_img_.png 0.301961 0.768627 0.988235
108_img_.png 0.682353 0.972549 0.984314
10909.png 0.509804 0.784314 0.800000
10945.png 0.254902 0.952941 0.984314
109_img_.png 0.356863 0.552941 0.650980
10_img_.png 0.658824 0.839216 0.901961
11052.png 0.584314 0.949020 1.000000
11064.png 0.196078 0.949020 0.949020
111_img_.png 0.058824 0.074510 0.325490
112_img_.png 0.615686 0.831373 0.827451
11374.png 0.125490 0.439216 0.678431
11398.png 0.313726 0.725490 1.000000
113_img_.png 0.549020 0.854902 0.854902
114_img_.png 0.250980 0.294118 0.262745
115_img_.png 0.011765 0.384314 0.800000
116_img_.png 0.262745 0.537255 0.678431
117_img_.png 0.996078 1.000000 1.000000
118_img_.png 0.019608 0.239216 0.619608
11_img_.png 0.094118 0.901961 0.964706
120_img_.png 0.152941 0.247059 0.713726
121_img_.png 0.239216 0.450980 0.741176
1225.png 0.321569 0.525490 0.713726
12290.png 0.996078 1.000000 1.000000
12299.png 0.894118 0.945098 0.980392
122_img_.png 0.066667 0.309804 0.705882
12324.png 0.752941 0.870588 0.945098
12336.png 0.521569 0.639216 0.603922
12348.png 0.725490 0.772549 0.862745
123_img_.png 0.968627 0.996078 0.996078
12422.png 0.862745 0.929412 0.968627
12433.png 0.870588 0.870588 0.870588
12445.png 0.866667 0.866667 0.866667
124_img_.png 0.109804 0.439216 0.823529
125_img_.png 1.000000 1.000000 1.000000
12900.png 0.568627 0.690196 0.682353
129_img_.png 0.760784 1.000000 1.000000
130_img_.png 0.611765 1.000000 1.000000
131_img_.png 0.164706 0.290196 0.800000
133_img_.png 1.000000 1.000000 1.000000
135_img_.png 0.062745 0.392157 0.839216
136_img_.png 0.176471 0.301961 0.501961
137_img_.png 0.972549 0.996078 1.000000
138_img_.png 0.109804 0.360784 0.847059
139_img_.png 0.333333 0.658824 0.972549
13_img_.png 0.058824 0.509804 0.701961
1407.png 0.274510 0.631373 0.929412
140_img_.png 0.705882 0.933333 0.858824
141_img_.png 0.203922 0.384314 0.580392
142_img_.png 0.839216 0.831373 0.733333
143_img_.png 0.407843 0.635294 0.721569
144_img_.png 0.180392 0.380392 0.392157
145_img_.png 0.149020 0.439216 0.545098
146_img_.png 1.000000 1.000000 1.000000
148_img_.png 0.431373 0.796078 0.882353
1491.png 0.427451 0.878431 0.819608
149_img_.png 0.231373 0.796078 0.901961
14_img_.png 0.235294 0.788235 0.968627
15001.png 0.458824 0.482353 0.274510
15003.png 0.356863 0.392157 0.231373
15045.png 0.980392 1.000000 1.000000
15094.png 0.717647 0.909804 0.952941
150_img_.png 0.035294 0.309804 0.784314
15113.png 0.588235 0.647059 0.643137
15136.png 0.654902 0.850980 0.988235
151_img_.png 0.086275 0.431373 0.823529
152_img_.png 0.894118 0.988235 1.000000
1539.png 0.164706 0.847059 0.921569
153_img_.png 0.211765 0.525490 0.764706
15418.png 0.400000 0.486275 0.772549
15426.png 0.682353 0.988235 1.000000
154_img_.png 0.745098 0.925490 0.929412
15544.png 0.392157 0.454902 0.356863
155_img_.png 0.086275 0.333333 0.360784
156_img_.png 0.505882 0.937255 0.992157
15704.png 0.745098 1.000000 0.988235
1573.png 0.368627 0.882353 1.000000
157_img_.png 0.098039 0.305882 0.674510
158_img_.png 0.494118 0.929412 0.992157
159_img_.png 0.337255 0.541176 0.694118
15_img_.png 0.003922 0.615686 0.709804
160_img_.png 1.000000 1.000000 1.000000
161_img_.png 0.937255 1.000000 1.000000
162_img_.png 1.000000 1.000000 1.000000
163_img_.png 0.694118 0.952941 0.988235
164_img_.png 0.466667 0.956863 0.980392
165_img_.png 0.392157 0.952941 0.984314
1660.png 1.000000 1.000000 1.000000
166_img_.png 1.000000 1.000000 1.000000
168_img_.png 0.705882 0.862745 0.847059
169_img_.png 1.000000 0.988235 1.000000
16_img_.png 0.180392 0.349020 0.474510
170_img_.png 0.462745 0.470588 0.584314
171_img_.png 0.470588 0.647059 0.560784
172_img_.png 0.878431 1.000000 1.000000
173_img_.png 0.129412 0.560784 0.937255
1742.png 0.545098 0.827451 0.835294
174_img_.png 0.380392 0.537255 0.705882
175_img_.png 0.101961 0.384314 0.439216
176_img_.png 0.345098 0.494118 0.635294
177_img_.png 0.023529 0.368627 0.850980
178_img_.png 0.341176 0.470588 0.886275
179_img_.png 0.450980 0.560784 0.513726
17_img_.png 0.407843 0.694118 0.894118
180_img_.png 0.415686 0.650980 0.682353
182_img_.png 0.160784 0.721569 0.956863
183_img_.png 0.156863 0.364706 0.454902
184_img_.png 0.639216 0.796078 0.968627
185_img_.png 0.827451 0.835294 0.792157
186_img_.png 0.309804 0.552941 0.725490
187_img_.png 0.227451 0.533333 0.662745
188_img_.png 0.678431 0.741176 0.705882
189_img_.png 0.709804 0.968627 0.964706
18_img_.png 0.956863 0.972549 0.988235
190_img_.png 0.843137 0.952941 0.956863
191_img_.png 0.000000 0.666667 0.850980
192_img_.png 0.560784 0.952941 0.921569
193_img_.png 0.109804 0.615686 0.831373
194_img_.png 0.262745 0.325490 0.403922
1957.png 0.654902 0.713726 0.690196
195_img_.png 0.152941 0.576471 0.729412
196_img_.png 0.082353 0.180392 0.301961
197_img_.png 0.854902 1.000000 1.000000
198_img_.png 0.635294 0.921569 0.980392
199_img_.png 0.376471 0.752941 0.909804
19_img_.png 0.411765 0.909804 0.925490
20.png 0.058824 0.749020 0.992157
200_img_.png 0.729412 0.741176 0.870588
201_img_.png 0.376471 0.705882 0.713726
202_img_.png 0.670588 0.698039 0.658824
203_img_.png 0.035294 0.745098 0.717647
204_img_.png 0.341176 0.486275 0.352941
205_img_.png 0.678431 0.882353 1.000000
206_img_.png 0.988235 0.996078 0.996078
207_img_.png 0.345098 0.435294 0.490196
208_img_.png 0.815686 0.890196 0.905882
209_img_.png 0.486275 0.662745 0.643137
210_img_.png 0.054902 0.388235 0.470588
211_img_.png 1.000000 1.000000 1.000000
212_img_.png 0.996078 1.000000 0.996078
213_img_.png 0.192157 0.600000 0.980392
214_img_.png 0.105882 0.470588 0.827451
215_img_.png 0.654902 0.909804 0.976471
216_img_.png 1.000000 1.000000 1.000000
217_img_.png 0.988235 0.984314 0.988235
219_img_.png 0.996078 1.000000 0.996078
220_img_.png 0.501961 0.827451 0.866667
221_img_.png 0.098039 0.501961 0.803922
222_img_.png 0.196078 0.592157 0.698039
223_img_.png 0.129412 0.541176 0.800000
224_img_.png 0.086275 0.572549 0.815686
225_img_.png 0.372549 0.721569 0.894118
226_img_.png 0.125490 0.470588 0.717647
227_img_.png 0.862745 0.882353 0.945098
228_img_.png 0.219608 0.611765 0.905882
229_img_.png 0.176471 0.274510 0.349020
22_img_.png 0.180392 0.517647 0.674510
230_img_.png 1.000000 1.000000 1.000000
231_img_.png 0.188235 0.556863 0.839216
232_img_.png 0.196078 0.431373 0.843137
233_img_.png 0.141176 0.423529 0.658824
234_img_.png 0.894118 0.984314 0.831373
236_img_.png 0.258824 0.466667 0.709804
238_img_.png 0.188235 0.607843 0.941176
23_img_.png 0.286275 0.615686 0.713726
240_img_.png 0.258824 0.745098 0.964706
241_img_.png 0.443137 0.843137 0.941176
242_img_.png 1.000000 1.000000 1.000000
243_img_.png 0.250980 0.650980 1.000000
244_img_.png 0.333333 0.678431 0.827451
245_img_.png 0.313726 0.584314 0.819608
246_img_.png 0.074510 0.337255 0.745098
247_img_.png 1.000000 1.000000 1.000000
248_img_.png 0.972549 0.984314 0.988235
24_img_.png 0.945098 0.854902 0.968627
251_img_.png 0.952941 0.988235 0.968627
252_img_.png 0.384314 0.737255 0.984314
253_img_.png 0.996078 1.000000 0.996078
2546.png 0.156863 0.450980 0.713726
254_img_.png 0.784314 0.968627 0.984314
255_img_.png 0.074510 0.752941 1.000000
257_img_.png 0.101961 0.447059 0.694118
258_img_.png 0.466667 0.537255 0.600000
259_img_.png 0.564706 0.721569 0.874510
25_img_.png 0.501961 0.819608 0.941176
260_img_.png 0.231373 0.909804 0.968627
261_img_.png 1.000000 1.000000 1.000000
2629.png 0.160784 0.164706 0.188235
262_img_.png 0.886275 1.000000 1.000000
263_img_.png 0.000000 0.780392 0.839216
265_img_.png 0.745098 0.968627 0.996078
266_img_.png 0.992157 1.000000 0.921569
2677.png 0.254902 0.501961 0.607843
267_img_.png 0.964706 1.000000 1.000000
268_img_.png 0.392157 0.568627 0.658824
26_img_.png 0.392157 0.694118 0.847059
2701.png 0.278431 0.843137 0.925490
270_img_.png 0.996078 1.000000 1.000000
271_img_.png 1.000000 1.000000 1.000000
272_img_.png 0.905882 1.000000 1.000000
273_img_.png 0.474510 0.690196 0.913725
274_img_.png 1.000000 0.992157 1.000000
275_img_.png 0.054902 0.066667 0.141176
276_img_.png 0.639216 0.964706 1.000000
2774.png 0.560784 0.945098 0.964706
277_img_.png 0.098039 0.435294 0.509804
2787.png 0.172549 0.321569 0.600000
278_img_.png 0.007843 0.443137 0.721569
279_img_.png 0.243137 0.490196 0.768627
27_img_.png 0.239216 0.423529 0.596078
280_img_.png 0.239216 0.415686 0.682353
281_img_.png 0.517647 0.866667 0.984314
282_img_.png 0.341176 0.792157 0.768627
284_img_.png 0.415686 0.729412 0.858824
285_img_.png 0.223529 0.360784 0.435294
287_img_.png 0.125490 0.784314 0.831373
2882.png 0.878431 0.894118 0.898039
288_img_.png 0.384314 0.654902 0.643137
28_img_.png 0.094118 0.827451 0.847059
290_img_.png 0.137255 0.294118 0.400000
292_img_.png 0.537255 0.913725 0.878431
293_img_.png 0.286275 0.478431 0.741176
294_img_.png 0.215686 0.329412 0.501961
295_img_.png 0.082353 0.447059 0.823529
296_img_.png 0.360784 0.619608 0.603922
2977.png 0.274510 0.501961 0.780392
298_img_.png 0.713726 0.788235 0.807843
299_img_.png 0.058824 0.886275 0.870588
29_img_.png 0.662745 0.733333 0.984314
2_img_.png 0.023529 0.458824 0.819608
3001.png 0.121569 0.568627 0.945098
300_img_.png 0.254902 0.427451 0.835294
3015.png 0.145098 0.333333 0.525490
301_img_.png 0.176471 0.396078 0.596078
302_img_.png 0.121569 0.337255 0.556863
303_img_.png 0.686275 0.890196 0.945098
304_img_.png 0.866667 0.972549 0.996078
305_img_.png 0.050980 0.482353 0.596078
306_img_.png 0.125490 0.184314 0.274510
307_img_.png 0.431373 0.627451 0.556863
30_img_.png 0.121569 0.470588 0.635294
31.png 0.219608 0.815686 1.000000
311_img_.png 0.686275 0.956863 0.823529
312_img_.png 0.141176 0.600000 0.901961
313_img_.png 0.325490 0.627451 0.839216
314_img_.png 0.498039 0.972549 1.000000
315_img_.png 0.337255 0.584314 0.721569
316_img_.png 0.019608 0.572549 0.847059
317_img_.png 0.125490 0.474510 0.741176
318_img_.png 0.062745 0.431373 0.674510
3196.png 0.164706 0.403922 0.513726
319_img_.png 0.215686 0.517647 0.737255
3202.png 0.117647 0.384314 0.474510
320_img_.png 0.274510 0.411765 0.658824
322_img_.png 0.611765 0.996078 1.000000
323_img_.png 0.094118 0.643137 0.882353
324_img_.png 0.141176 0.427451 0.627451
325_img_.png 0.627451 0.807843 0.937255
326_img_.png 0.368627 0.721569 0.964706
327_img_.png 0.168627 0.580392 0.803922
328_img_.png 0.337255 0.498039 0.521569
32_img_.png 0.188235 0.737255 0.792157
330_img_.png 0.149020 0.384314 0.572549
332_img_.png 0.192157 0.333333 0.560784
3330.png 0.078431 0.827451 1.000000
334_img_.png 0.305882 0.792157 0.941176
336_img_.png 1.000000 1.000000 1.000000
337_img_.png 0.070588 1.000000 1.000000
338_img_.png 0.243137 0.396078 0.525490
340_img_.png 0.227451 0.823529 0.968627
341_img_.png 0.439216 0.921569 0.980392
342_img_.png 0.196078 0.482353 0.792157
343_img_.png 0.462745 0.662745 0.886275
345_img_.png 0.070588 0.623529 0.878431
346_img_.png 0.117647 0.415686 0.623529
347_img_.png 0.533333 0.792157 0.847059
348_img_.png 0.600000 0.921569 1.000000
35.png 0.462745 0.956863 0.996078
350_img_.png 0.172549 0.592157 0.772549
351_img_.png 0.329412 0.737255 0.874510
353_img_.png 0.776471 0.921569 0.949020
355_img_.png 0.490196 0.654902 0.749020
356_img_.png 0.505882 0.858824 1.000000
359_img_.png 0.141176 0.596078 0.921569
360_img_.png 0.392157 0.650980 0.847059
361_img_.png 0.380392 0.678431 0.913725
362_img_.png 0.003922 0.662745 1.000000
363_img_.png 0.109804 0.647059 0.921569
364_img_.png 0.027451 0.333333 0.768627
3650.png 0.403922 0.815686 0.870588
365_img_.png 0.070588 0.639216 0.972549
366_img_.png 0.470588 0.996078 0.960784
367_img_.png 0.639216 0.972549 1.000000
369_img_.png 0.156863 0.494118 0.835294
370_img_.png 0.058824 0.058824 0.090196
371_img_.png 0.333333 0.717647 0.905882
3728.png 0.211765 0.615686 0.745098
372_img_.png 0.266667 0.529412 0.713726
373_img_.png 0.019608 0.215686 0.549020
374_img_.png 0.149020 0.533333 0.827451
375_img_.png 0.211765 0.396078 0.600000
376_img_.png 0.184314 0.317647 0.698039
377_img_.png 0.286275 0.341176 0.466667
378_img_.png 0.525490 0.674510 0.819608
379_img_.png 0.356863 0.478431 0.603922
37_img_.png 1.000000 1.000000 1.000000
380_img_.png 0.419608 0.505882 0.486275
381_img_.png 0.176471 0.568627 1.000000
382_img_.png 0.552941 0.517647 0.533333
383_img_.png 0.286275 0.878431 0.984314
384_img_.png 0.192157 0.525490 0.737255
385_img_.png 0.070588 0.505882 0.654902
386_img_.png 0.854902 1.000000 1.000000
387_img_.png 0.109804 0.568627 0.811765
389_img_.png 1.000000 1.000000 0.988235
391_img_.png 0.192157 0.494118 0.619608
3925.png 0.811765 0.862745 0.905882
392_img_.png 0.176471 0.384314 0.596078
393_img_.png 0.411765 0.643137 0.894118
3947.png 0.109804 0.360784 0.454902
394_img_.png 0.215686 0.541176 0.513726
395_img_.png 0.070588 0.541176 0.776471
39_img_.png 0.023529 0.627451 0.952941
3_img_.png 0.380392 0.643137 0.972549
4.png 0.478431 0.615686 0.650980
400_img_.png 0.047059 0.082353 0.149020
401_img_.png 0.615686 0.992157 0.988235
402_img_.png 0.580392 0.925490 1.000000
403_img_.png 0.141176 0.529412 0.894118
404_img_.png 0.380392 0.666667 0.623529
405_img_.png 0.800000 0.925490 0.976471
406_img_.png 0.419608 1.000000 1.000000
4070.png 0.176471 0.396078 0.501961
407_img_.png 0.937255 0.949020 0.968627
408_img_.png 0.447059 0.949020 0.992157
409_img_.png 0.443137 0.756863 0.996078
410_img_.png 0.352941 0.937255 0.933333
411_img_.png 0.349020 0.792157 1.000000
412_img_.png 0.286275 0.713726 0.741176
413_img_.png 0.125490 0.988235 1.000000
415_img_.png 0.537255 0.968627 1.000000
416_img_.png 0.317647 0.733333 0.968627
417_img_.png 0.529412 0.725490 0.870588
418_img_.png 0.235294 0.482353 0.752941
419_img_.png 0.015686 0.556863 0.850980
41_img_.png 0.494118 0.686275 1.000000
420_img_.png 0.027451 0.545098 0.870588
421_img_.png 1.000000 0.980392 1.000000
422_img_.png 0.184314 0.639216 0.839216
423_img_.png 0.184314 0.533333 0.933333
424_img_.png 0.513726 0.647059 0.988235
425_img_.png 0.227451 0.647059 0.968627
428_img_.png 0.313726 0.670588 0.956863
429_img_.png 0.180392 0.631373 0.984314
42_img_.png 0.094118 0.360784 0.623529
432_img_.png 0.505882 0.576471 0.556863
433_img_.png 0.584314 0.607843 0.631373
435_img_.png 0.207843 0.478431 0.784314
436_img_.png 0.521569 0.847059 0.768627
437_img_.png 0.988235 0.964706 0.992157
438_img_.png 0.180392 0.670588 0.768627
439_img_.png 0.247059 0.584314 0.635294
43_img_.png 0.027451 0.741176 0.921569
440_img_.png 0.337255 0.635294 0.619608
441_img_.png 0.600000 0.764706 0.866667
442_img_.png 0.149020 0.545098 0.725490
443_img_.png 0.866667 0.988235 0.996078
444_img_.png 0.439216 0.807843 0.898039
445_img_.png 0.505882 0.701961 0.988235
446_img_.png 0.309804 0.619608 0.878431
447_img_.png 0.494118 0.917647 0.988235
448_img_.png 0.078431 0.419608 0.611765
449_img_.png 0.070588 0.341176 0.988235
44_img_.png 0.270588 0.752941 1.000000
450_img_.png 0.113725 0.435294 0.745098
451_img_.png 0.866667 0.913725 0.929412
452_img_.png 0.266667 0.772549 0.956863
453_img_.png 0.984314 0.988235 0.996078
454_img_.png 0.305882 0.576471 0.894118
455_img_.png 0.537255 0.701961 0.949020
457_img_.png 0.886275 0.917647 0.941176
458_img_.png 0.196078 0.450980 0.607843
459_img_.png 0.568627 0.854902 0.949020
45_img_.png 0.219608 0.807843 0.898039
460_img_.png 0.243137 0.819608 1.000000
461_img_.png 0.109804 0.521569 0.878431
462_img_.png 0.415686 0.847059 0.945098
463_img_.png 0.219608 0.678431 0.960784
464_img_.png 0.329412 0.580392 0.698039
465_img_.png 0.372549 0.694118 0.921569
466_img_.png 0.337255 0.713726 0.909804
467_img_.png 0.247059 0.537255 0.713726
468_img_.png 0.086275 0.564706 0.850980
469_img_.png 0.678431 0.894118 1.000000
46_img_.png 0.054902 0.556863 0.694118
470_img_.png 0.964706 0.929412 0.800000
471_img_.png 0.380392 0.631373 0.784314
472_img_.png 0.560784 0.517647 0.505882
473_img_.png 0.054902 0.533333 0.631373
476_img_.png 0.701961 0.972549 1.000000
477_img_.png 0.729412 0.976471 0.984314
478_img_.png 0.337255 0.996078 1.000000
479_img_.png 0.596078 0.941176 0.964706
480_img_.png 0.545098 0.792157 0.858824
481_img_.png 0.478431 0.843137 0.964706
482_img_.png 0.800000 0.901961 1.000000
483_img_.png 0.066667 0.458824 0.905882
484_img_.png 0.964706 0.988235 0.980392
485_img_.png 0.423529 0.658824 0.737255
486_img_.png 0.376471 0.921569 0.941176
487_img_.png 0.188235 0.333333 0.376471
488_img_.png 0.309804 0.780392 0.976471
489_img_.png 0.352941 0.909804 1.000000
48_img_.png 0.701961 0.741176 0.847059
490_img_.png 0.176471 0.623529 0.968627
491_img_.png 0.101961 0.301961 0.470588
492_img_.png 0.254902 0.639216 0.925490
493_img_.png 0.180392 0.439216 0.666667
494_img_.png 0.894118 0.909804 0.980392
495_img_.png 0.427451 0.945098 0.890196
496_img_.png 0.384314 0.725490 0.843137
497_img_.png 0.396078 0.737255 0.996078
498_img_.png 0.321569 0.694118 0.866667
499_img_.png 0.043137 0.831373 1.000000
49_img_.png 0.243137 0.690196 0.894118
4_img_.png 0.176471 0.400000 0.443137
501_img_.png 0.384314 0.788235 0.788235
502_img_.png 0.894118 0.933333 0.972549
503_img_.png 0.658824 0.752941 0.796078
504_img_.png 0.184314 0.623529 0.929412
505_img_.png 0.262745 0.537255 0.839216
506_img_.png 0.113725 0.498039 0.701961
507_img_.png 0.443137 0.560784 0.945098
508_img_.png 0.039216 0.427451 0.890196
509_img_.png 0.188235 0.466667 0.925490
50_img_.png 0.078431 0.266667 0.407843
510_img_.png 0.031373 0.729412 0.854902
511_img_.png 0.011765 0.368627 0.890196
512_img_.png 0.105882 0.380392 0.584314
513_img_.png 0.384314 0.603922 0.996078
515_img_.png 0.400000 0.756863 0.839216
516_img_.png 0.239216 0.729412 0.796078
517_img_.png 0.066667 0.525490 0.839216
518_img_.png 0.215686 0.474510 0.713726
519_img_.png 0.262745 0.588235 0.894118
51_img_.png 0.023529 0.168627 0.376471
524_img_.png 0.152941 0.576471 0.933333
526_img_.png 0.592157 0.980392 1.000000
527_img_.png 0.403922 0.725490 0.960784
528_img_.png 0.623529 0.905882 1.000000
52_img_.png 0.050980 0.439216 0.541176
530_img_.png 0.368627 0.788235 0.929412
531_img_.png 0.694118 0.905882 0.913725
532_img_.png 0.588235 0.878431 0.913725
533_img_.png 0.188235 0.501961 0.635294
534_img_.png 0.149020 0.368627 0.450980
535_img_.png 0.894118 0.882353 0.886275
536_img_.png 0.164706 0.501961 0.552941
537_img_.png 0.894118 1.000000 0.956863
538_img_.png 0.258824 0.407843 0.549020
539.png 0.286275 0.701961 0.709804
539_img_.png 0.576471 0.980392 1.000000
53_img_.png 1.000000 1.000000 1.000000
540_img_.png 0.364706 0.768627 0.898039
541_img_.png 0.337255 0.603922 0.654902
542_img_.png 0.192157 0.458824 0.635294
543_img_.png 0.894118 1.000000 1.000000
544_img_.png 0.686275 0.749020 0.745098
545_img_.png 0.403922 0.509804 0.584314
546_img_.png 0.537255 0.815686 0.913725
547_img_.png 0.250980 0.545098 0.800000
549_img_.png 0.474510 0.764706 0.870588
550_img_.png 0.313726 0.615686 0.796078
551_img_.png 1.000000 1.000000 1.000000
552_img_.png 0.854902 1.000000 1.000000
554_img_.png 0.188235 0.627451 0.713726
5554.png 0.376471 0.721569 0.647059
555_img_.png 1.000000 1.000000 1.000000
556_img_.png 0.552941 0.933333 0.956863
557.png 0.443137 0.949020 1.000000
557_img_.png 0.156863 0.658824 0.784314
558_img_.png 0.341176 0.721569 0.917647
559.png 0.482353 0.894118 1.000000
55_img_.png 0.996078 0.996078 1.000000
560_img_.png 0.082353 0.482353 0.815686
561_img_.png 0.066667 0.490196 0.776471
562_img_.png 0.149020 0.407843 0.737255
563.png 0.113725 0.380392 0.529412
563_img_.png 0.662745 0.745098 0.725490
564_img_.png 0.521569 0.674510 0.741176
566_img_.png 0.262745 0.749020 0.898039
567.png 0.176471 0.431373 0.603922
567_img_.png 0.341176 0.505882 0.560784
568_img_.png 0.482353 0.513726 0.525490
569_img_.png 0.047059 0.678431 0.525490
56_img_.png 0.105882 0.337255 0.556863
570_img_.png 0.498039 0.713726 0.592157
571_img_.png 0.215686 0.494118 0.368627
572_img_.png 0.211765 0.643137 0.850980
573_img_.png 0.407843 0.478431 0.525490
574_img_.png 0.352941 0.690196 0.592157
575_img_.png 0.125490 0.431373 0.376471
576_img_.png 0.403922 0.529412 0.623529
577_img_.png 0.192157 0.505882 0.454902
578_img_.png 0.227451 0.678431 0.698039
579_img_.png 0.192157 0.462745 0.380392
57_img_.png 0.662745 0.745098 0.811765
580_img_.png 0.137255 0.474510 0.431373
5818.png 0.301961 0.588235 0.580392
581_img_.png 0.525490 0.607843 0.619608
582_img_.png 0.992157 0.996078 0.996078
5830.png 0.352941 0.552941 0.603922
583_img_.png 0.513726 0.862745 0.980392
584_img_.png 0.992157 0.996078 0.996078
585_img_.png 1.000000 1.000000 1.000000
586_img_.png 0.466667 0.415686 0.513726
587_img_.png 0.584314 0.760784 0.925490
588_img_.png 1.000000 1.000000 1.000000
589_img_.png 0.533333 0.556863 0.556863
58_img_.png 0.086275 0.482353 0.560784
590_img_.png 0.768627 0.760784 0.862745
591_img_.png 0.898039 0.960784 0.976471
592_img_.png 0.505882 0.666667 0.745098
593_img_.png 0.705882 0.803922 0.831373
594_img_.png 1.000000 1.000000 1.000000
595_img_.png 1.000000 0.996078 1.000000
596_img_.png 0.996078 1.000000 1.000000
597_img_.png 0.996078 1.000000 0.996078
598.png 0.380392 0.905882 0.941176
598_img_.png 0.988235 1.000000 0.996078
599_img_.png 0.384314 0.419608 0.501961
59_img_.png 0.094118 0.486275 0.705882
600_img_.png 0.988235 1.000000 1.000000
601_img_.png 0.133333 0.368627 0.701961
602_img_.png 1.000000 1.000000 1.000000
603_img_.png 1.000000 1.000000 1.000000
604_img_.png 1.000000 1.000000 1.000000
605_img_.png 0.364706 0.643137 0.737255
6062.png 0.556863 0.996078 1.000000
606_img_.png 0.376471 0.509804 0.545098
607_img_.png 0.372549 0.521569 0.509804
6082.png 0.254902 0.592157 0.615686
608_img_.png 0.231373 0.564706 0.858824
609_img_.png 1.000000 1.000000 1.000000
60_img_.png 0.207843 0.392157 0.364706
610_img_.png 0.407843 0.627451 0.827451
611_img_.png 0.109804 0.431373 0.819608
612_img_.png 0.333333 0.474510 0.607843
613_img_.png 0.521569 0.666667 0.690196
614_img_.png 0.149020 0.270588 0.450980
615_img_.png 0.321569 0.345098 0.443137
616_img_.png 0.890196 0.937255 0.898039
617_img_.png 0.447059 0.607843 0.717647
618_img_.png 0.988235 1.000000 0.952941
619_img_.png 1.000000 1.000000 0.992157
61_img_.png 0.462745 0.819608 1.000000
620_img_.png 0.243137 0.321569 0.376471
621_img_.png 0.325490 0.454902 0.494118
622_img_.png 0.043137 0.654902 0.764706
623_img_.png 0.886275 0.976471 0.980392
625_img_.png 0.862745 0.862745 0.862745
626_img_.png 1.000000 1.000000 1.000000
627_img_.png 0.298039 0.435294 0.560784
628_img_.png 0.203922 0.329412 0.278431
629_img_.png 0.952941 0.945098 0.894118
62_img_.png 0.031373 0.745098 0.929412
630_img_.png 0.101961 0.129412 0.152941
631_img_.png 0.721569 0.901961 0.792157
632_img_.png 0.101961 0.290196 0.600000
633_img_.png 0.129412 0.521569 0.792157
634_img_.png 0.105882 0.286275 0.372549
635_img_.png 0.086275 0.258824 0.411765
636_img_.png 0.768627 0.925490 0.913725
637_img_.png 1.000000 1.000000 1.000000
638_img_.png 0.443137 0.545098 0.682353
639_img_.png 1.000000 1.000000 0.980392
63_img_.png 0.094118 0.392157 0.588235
640_img_.png 0.305882 0.411765 0.580392
641_img_.png 0.247059 0.415686 0.592157
642_img_.png 0.913725 1.000000 0.952941
645_img_.png 0.407843 0.560784 0.541176
646_img_.png 0.415686 0.650980 0.682353
647_img_.png 0.270588 0.384314 0.439216
648_img_.png 0.290196 0.615686 0.686275
649_img_.png 0.945098 0.890196 0.784314
64_img_.png 0.231373 0.607843 0.780392
650_img_.png 0.419608 0.541176 0.713726
651.png 0.164706 0.803922 0.968627
651_img_.png 0.003922 0.427451 0.952941
652_img_.png 0.776471 1.000000 1.000000
653_img_.png 0.925490 1.000000 1.000000
654_img_.png 0.290196 0.647059 0.996078
655_img_.png 0.192157 0.592157 0.976471
656_img_.png 0.447059 0.984314 1.000000
657_img_.png 0.282353 0.760784 0.843137
658_img_.png 0.764706 0.850980 0.670588
659_img_.png 0.262745 0.670588 0.956863
65_img_.png 0.062745 0.541176 0.929412
660_img_.png 0.686275 0.980392 0.992157
661_img_.png 0.705882 0.741176 0.894118
662_img_.png 0.219608 0.643137 0.745098
663_img_.png 0.309804 0.549020 0.874510
666_img_.png 0.709804 0.874510 0.972549
668_img_.png 0.854902 0.898039 0.921569
670_img_.png 0.274510 0.729412 0.760784
672_img_.png 0.603922 0.839216 0.980392
673_img_.png 0.745098 1.000000 1.000000
674_img_.png 0.294118 0.592157 0.831373
675_img_.png 0.329412 0.635294 0.956863
676_img_.png 0.176471 0.466667 0.619608
677_img_.png 0.392157 0.749020 1.000000
6788.png 0.572549 0.807843 0.917647
678_img_.png 0.235294 0.733333 0.843137
679_img_.png 0.670588 0.858824 0.854902
67_img_.png 0.015686 0.478431 0.843137
680_img_.png 0.701961 0.827451 0.874510
681_img_.png 0.568627 0.854902 0.866667
6820.png 0.176471 0.529412 0.737255
682_img_.png 0.741176 0.858824 0.862745
683_img_.png 0.050980 0.372549 0.678431
684_img_.png 0.243137 0.631373 0.745098
685_img_.png 0.490196 0.745098 0.996078
686_img_.png 0.188235 0.631373 0.937255
6872.png 0.090196 0.403922 0.674510
687_img_.png 0.141176 0.568627 0.890196
688_img_.png 0.019608 0.368627 0.862745
689_img_.png 0.007843 0.329412 0.627451
690_img_.png 0.109804 0.811765 1.000000
691_img_.png 0.078431 0.564706 0.862745
692_img_.png 0.329412 0.733333 0.737255
694_img_.png 0.862745 0.862745 0.949020
695_img_.png 0.305882 0.945098 0.980392
696_img_.png 0.074510 0.384314 0.545098
697_img_.png 0.054902 0.388235 0.666667
698_img_.png 0.415686 0.666667 0.854902
699_img_.png 0.556863 0.784314 0.972549
6_img_.png 0.450980 0.756863 0.894118
700_img_.png 0.258824 0.768627 1.000000
701_img_.png 0.792157 0.878431 0.870588
7027.png 0.407843 0.662745 0.827451
702_img_.png 0.262745 0.941176 0.964706
703_img_.png 0.192157 0.764706 0.760784
704_img_.png 0.184314 0.819608 0.917647
705_img_.png 0.403922 0.701961 1.000000
706_img_.png 0.176471 0.568627 1.000000
707_img_.png 0.356863 0.607843 0.874510
708_img_.png 0.470588 0.890196 1.000000
709_img_.png 0.007843 0.349020 1.000000
70_img_.png 0.266667 0.509804 0.686275
710_img_.png 0.588235 0.996078 1.000000
711_img_.png 0.654902 0.854902 0.929412
712_img_.png 0.384314 0.572549 0.862745
713_img_.png 0.658824 0.866667 1.000000
714_img_.png 0.227451 0.286275 0.376471
715_img_.png 0.698039 0.803922 0.909804
716_img_.png 0.600000 0.921569 1.000000
718_img_.png 0.188235 0.729412 0.776471
719_img_.png 0.768627 0.850980 0.964706
720_img_.png 0.317647 0.670588 0.956863
721_img_.png 0.054902 0.635294 0.890196
722_img_.png 0.113725 0.831373 0.988235
723_img_.png 0.517647 0.823529 0.847059
724_img_.png 0.352941 0.474510 0.870588
725_img_.png 0.290196 0.572549 0.905882
726_img_.png 0.541176 0.768627 0.949020
727_img_.png 0.231373 0.568627 0.635294
728_img_.png 0.498039 0.800000 1.000000
729_img_.png 0.337255 0.678431 0.717647
72_img_.png 0.505882 0.878431 0.949020
730_img_.png 0.713726 1.000000 1.000000
731_img_.png 0.556863 0.909804 1.000000
732_img_.png 0.427451 0.717647 1.000000
733_img_.png 0.756863 0.988235 0.862745
734_img_.png 0.372549 0.745098 0.972549
735_img_.png 0.349020 0.843137 1.000000
736_img_.png 0.231373 0.505882 0.745098
737_img_.png 0.482353 0.749020 0.992157
738_img_.png 0.266667 1.000000 1.000000
73_img_.png 0.184314 0.364706 0.658824
740_img_.png 0.474510 0.956863 0.949020
741_img_.png 0.792157 0.874510 0.854902
743_img_.png 0.458824 0.698039 0.984314
744_img_.png 0.733333 0.937255 0.956863
745_img_.png 0.145098 0.701961 0.960784
746_img_.png 0.631373 0.819608 0.909804
747_img_.png 0.474510 0.972549 1.000000
748_img_.png 0.713726 0.980392 0.960784
749_img_.png 0.352941 0.701961 0.807843
74_img_.png 0.109804 0.564706 0.898039
750_img_.png 0.215686 0.678431 1.000000
751_img_.png 0.901961 1.000000 1.000000
752_img_.png 0.313726 0.662745 0.807843
753_img_.png 0.137255 0.521569 0.674510
754_img_.png 0.172549 0.482353 0.847059
756.png 0.725490 0.992157 0.988235
756_img_.png 0.800000 0.996078 1.000000
757_img_.png 1.000000 1.000000 1.000000
758.png 0.372549 0.972549 0.992157
758_img_.png 0.603922 0.811765 0.917647
759_img_.png 0.388235 0.745098 1.000000
760_img_.png 0.164706 0.274510 0.345098
762_img_.png 0.113725 0.294118 0.301961
763_img_.png 1.000000 0.996078 1.000000
7643.png 0.490196 0.843137 0.886275
764_img_.png 0.901961 0.960784 0.984314
7654.png 0.643137 0.882353 0.956863
765_img_.png 0.607843 0.760784 0.788235
766_img_.png 0.839216 0.909804 0.913725
767_img_.png 0.223529 0.921569 0.937255
768_img_.png 0.200000 0.352941 0.635294
769_img_.png 0.396078 0.870588 0.854902
76_img_.png 0.066667 0.470588 0.580392
770_img_.png 0.717647 0.901961 0.945098
771_img_.png 0.741176 0.968627 0.992157
772_img_.png 0.584314 0.862745 0.972549
773_img_.png 0.674510 1.000000 1.000000
775_img_.png 0.411765 0.776471 0.937255
776_img_.png 0.301961 0.756863 0.984314
777_img_.png 0.509804 0.721569 0.858824
778_img_.png 0.352941 0.596078 0.607843
779_img_.png 0.156863 0.486275 0.509804
77_img_.png 0.913725 0.905882 0.905882
780_img_.png 0.270588 0.709804 0.870588
781_img_.png 0.239216 0.486275 0.525490
782_img_.png 0.427451 0.690196 0.898039
783_img_.png 0.576471 0.827451 0.831373
784_img_.png 0.015686 0.094118 0.380392
785_img_.png 0.211765 0.376471 0.596078
786_img_.png 0.792157 0.878431 0.870588
787_img_.png 0.239216 0.568627 0.854902
788_img_.png 0.749020 0.945098 0.988235
789_img_.png 0.949020 1.000000 0.972549
78_img_.png 0.549020 0.788235 1.000000
790_img_.png 0.894118 0.905882 0.909804
7916.png 0.043137 0.356863 0.745098
791_img_.png 0.247059 0.482353 1.000000
792_img_.png 0.286275 0.701961 1.000000
793_img_.png 0.172549 0.200000 0.415686
794_img_.png 0.745098 1.000000 1.000000
795_img_.png 0.145098 0.709804 0.984314
796_img_.png 0.854902 0.854902 0.854902
797_img_.png 0.262745 0.619608 0.905882
798_img_.png 0.874510 0.870588 0.866667
799_img_.png 0.149020 0.392157 0.835294
79_img_.png 0.623529 0.956863 1.000000
7_img_.png 0.172549 0.368627 0.474510
800_img_.png 0.411765 0.831373 1.000000
8010.png 0.325490 0.745098 1.000000
802_img_.png 0.772549 0.874510 0.831373
803_img_.png 0.878431 0.933333 0.949020
8046.png 0.494118 0.713726 0.858824
804_img_.png 0.400000 0.741176 1.000000
8056.png 0.266667 0.501961 0.635294
806_img_.png 0.996078 1.000000 1.000000
807_img_.png 0.478431 0.913725 1.000000
808_img_.png 0.239216 0.552941 0.690196
809_img_.png 0.572549 0.776471 0.972549
80_img_.png 0.996078 0.996078 0.996078
810_img_.png 0.141176 0.658824 1.000000
811_img_.png 0.250980 0.474510 0.639216
812_img_.png 1.000000 1.000000 1.000000
813_img_.png 0.286275 0.678431 0.972549
814_img_.png 0.349020 0.356863 0.403922
815_img_.png 0.211765 0.713726 0.858824
816_img_.png 0.388235 0.807843 1.000000
817_img_.png 0.337255 0.905882 0.925490
818_img_.png 0.180392 0.674510 0.874510
819_img_.png 1.000000 1.000000 1.000000
820_img_.png 0.901961 0.972549 0.972549
821_img_.png 0.745098 0.862745 1.000000
822_img_.png 0.549020 0.650980 0.752941
823_img_.png 0.050980 0.392157 0.627451
8262.png 0.133333 0.435294 0.749020
827_img_.png 0.356863 0.698039 0.866667
8288.png 0.521569 0.713726 0.698039
828_img_.png 0.396078 0.690196 1.000000
829_img_.png 0.470588 0.890196 1.000000
82_img_.png 0.980392 1.000000 1.000000
831_img_.png 0.423529 0.705882 0.988235
832_img_.png 0.231373 0.568627 0.635294
833_img_.png 0.278431 0.745098 1.000000
834_img_.png 0.466667 0.952941 0.992157
835_img_.png 0.768627 0.992157 0.956863
837.png 0.694118 0.858824 0.858824
837_img_.png 0.701961 0.784314 0.870588
838_img_.png 0.811765 1.000000 1.000000
841.png 0.992157 0.984314 0.823529
841_img_.png 0.494118 0.482353 0.901961
842_img_.png 0.035294 0.643137 0.823529
843_img_.png 0.317647 0.701961 1.000000
844_img_.png 0.384314 0.901961 0.952941
845_img_.png 0.352941 0.443137 0.545098
846_img_.png 0.392157 0.670588 0.792157
847_img_.png 0.866667 0.866667 0.866667
848_img_.png 0.835294 0.827451 0.807843
849_img_.png 0.639216 1.000000 0.992157
850_img_.png 0.239216 0.780392 0.870588
851_img_.png 0.564706 0.729412 0.760784
852_img_.png 0.341176 0.686275 0.917647
854_img_.png 0.054902 0.686275 0.807843
855_img_.png 0.270588 0.603922 0.725490
856_img_.png 0.384314 0.454902 0.513726
857_img_.png 0.870588 0.968627 0.996078
858_img_.png 0.698039 0.807843 0.749020
859_img_.png 0.309804 0.529412 0.635294
860_img_.png 0.227451 0.098039 0.603922
861_img_.png 0.239216 0.486275 0.647059
862_img_.png 0.525490 0.941176 0.996078
863_img_.png 0.458824 0.717647 0.921569
865_img_.png 0.419608 0.737255 0.854902
866_img_.png 0.266667 0.584314 0.643137
867_img_.png 0.423529 0.741176 0.925490
868_img_.png 0.172549 0.509804 0.796078
869_img_.png 0.137255 0.619608 0.921569
86_img_.png 0.062745 0.874510 0.835294
871_img_.png 0.498039 0.780392 0.968627
872_img_.png 0.368627 0.674510 1.000000
873_img_.png 0.588235 0.654902 0.874510
874_img_.png 0.854902 0.854902 0.854902
875_img_.png 0.427451 0.784314 0.854902
876_img_.png 0.909804 0.968627 0.996078
877_img_.png 0.070588 0.262745 0.525490
878_img_.png 0.933333 1.000000 1.000000
879_img_.png 0.050980 0.349020 0.917647
87_img_.png 0.592157 0.717647 0.768627
880_img_.png 0.309804 0.423529 0.486275
881_img_.png 0.686275 0.980392 1.000000
887_img_.png 0.400000 0.792157 1.000000
889_img_.png 0.207843 0.423529 0.584314
890.png 0.764706 0.756863 0.698039
890_img_.png 0.611765 0.972549 0.960784
891_img_.png 0.172549 0.149020 0.101961
892_img_.png 0.996078 0.996078 0.992157
893_img_.png 0.635294 0.898039 1.000000
895_img_.png 0.592157 0.670588 0.749020
896_img_.png 0.317647 1.000000 0.996078
89_img_.png 0.019608 0.639216 0.815686
8_img_.png 0.450980 0.752941 0.713726
901_img_.png 0.109804 0.105882 0.101961
904_img_.png 0.937255 1.000000 1.000000
905_img_.png 0.043137 0.933333 0.780392
906_img_.png 0.898039 0.913725 0.894118
907_img_.png 0.494118 0.827451 0.945098
908_img_.png 1.000000 1.000000 1.000000
909_img_.png 1.000000 1.000000 1.000000
90_img_.png 0.349020 0.576471 0.674510
910_img_.png 0.666667 1.000000 1.000000
911_img_.png 0.427451 0.564706 0.741176
912_img_.png 0.180392 0.678431 0.988235
913_img_.png 0.537255 0.921569 1.000000
914_img_.png 0.545098 0.752941 0.956863
915_img_.png 0.639216 0.996078 0.996078
916_img_.png 0.988235 1.000000 1.000000
917_img_.png 0.431373 0.588235 0.670588
918_img_.png 1.000000 1.000000 1.000000
919_img_.png 0.501961 0.552941 0.486275
91_img_.png 0.309804 0.713726 0.929412
920_img_.png 0.309804 0.427451 0.858824
921_img_.png 1.000000 1.000000 0.992157
922_img_.png 0.627451 0.862745 1.000000
923_img_.png 0.015686 0.007843 0.027451
924_img_.png 0.862745 1.000000 0.807843
925_img_.png 0.647059 0.901961 0.976471
926_img_.png 0.137255 0.521569 0.847059
927_img_.png 0.776471 0.905882 0.937255
928_img_.png 0.137255 0.368627 0.749020
929_img_.png 0.309804 0.501961 0.972549
92_img_.png 0.415686 0.588235 0.670588
94_img_.png 0.074510 0.513726 0.600000
9547.png 0.286275 0.611765 0.878431
9554.png 0.807843 0.996078 0.996078
9557.png 0.211765 0.498039 0.721569
9567.png 0.482353 0.709804 0.858824
95_img_.png 1.000000 1.000000 1.000000
96_img_.png 1.000000 1.000000 1.000000
97_img_.png 0.400000 0.631373 0.843137
9896.png 0.278431 0.843137 0.901961
98_img_.png 0.317647 0.690196 0.862745
9900.png 0.047059 0.956863 0.996078
9907.png 0.235294 0.976471 0.988235
9947.png 0.243137 0.803922 0.960784
99_img_.png 0.980392 1.000000 1.000000
9_img_.png 0.364706 0.772549 0.917647
100_img_.png 0.733333 1.000000 1.000000
10139.png 0.215686 0.741176 0.874510
10151.png 0.066667 0.647059 0.933333
101_img_.png 0.933333 0.960784 1.000000
102_img_.png 1.000000 1.000000 1.000000
104_img_.png 0.301961 0.725490 0.772549
105_img_.png 1.000000 1.000000 1.000000
106_img_.png 0.047059 0.368627 0.658824
107_img_.png 0.301961 0.768627 0.988235
108_img_.png 0.682353 0.972549 0.984314
10909.png 0.509804 0.784314 0.800000
10945.png 0.254902 0.952941 0.984314
109_img_.png 0.356863 0.552941 0.650980
10_img_.png 0.658824 0.839216 0.901961
11052.png 0.584314 0.949020 1.000000
11064.png 0.196078 0.949020 0.949020
111_img_.png 0.058824 0.074510 0.325490
112_img_.png 0.615686 0.831373 0.827451
11374.png 0.125490 0.439216 0.678431
11398.png 0.313726 0.725490 1.000000
113_img_.png 0.549020 0.854902 0.854902
114_img_.png 0.250980 0.294118 0.262745
115_img_.png 0.011765 0.384314 0.800000
116_img_.png 0.262745 0.537255 0.678431
117_img_.png 0.996078 1.000000 1.000000
118_img_.png 0.019608 0.239216 0.619608
11_img_.png 0.094118 0.901961 0.964706
120_img_.png 0.152941 0.247059 0.713726
121_img_.png 0.239216 0.450980 0.741176
1225.png 0.321569 0.525490 0.713726
12290.png 0.996078 1.000000 1.000000
12299.png 0.894118 0.945098 0.980392
122_img_.png 0.066667 0.309804 0.705882
12324.png 0.752941 0.870588 0.945098
12336.png 0.521569 0.639216 0.603922
12348.png 0.725490 0.772549 0.862745
123_img_.png 0.968627 0.996078 0.996078
12422.png 0.862745 0.929412 0.968627
12433.png 0.870588 0.870588 0.870588
12445.png 0.866667 0.866667 0.866667
124_img_.png 0.109804 0.439216 0.823529
125_img_.png 1.000000 1.000000 1.000000
12900.png 0.568627 0.690196 0.682353
129_img_.png 0.760784 1.000000 1.000000
130_img_.png 0.611765 1.000000 1.000000
131_img_.png 0.164706 0.290196 0.800000
133_img_.png 1.000000 1.000000 1.000000
135_img_.png 0.062745 0.392157 0.839216
136_img_.png 0.176471 0.301961 0.501961
137_img_.png 0.972549 0.996078 1.000000
138_img_.png 0.109804 0.360784 0.847059
139_img_.png 0.333333 0.658824 0.972549
13_img_.png 0.058824 0.509804 0.701961
1407.png 0.274510 0.631373 0.929412
140_img_.png 0.705882 0.933333 0.858824
141_img_.png 0.203922 0.384314 0.580392
142_img_.png 0.839216 0.831373 0.733333
143_img_.png 0.407843 0.635294 0.721569
144_img_.png 0.180392 0.380392 0.392157
145_img_.png 0.149020 0.439216 0.545098
146_img_.png 1.000000 1.000000 1.000000
148_img_.png 0.431373 0.796078 0.882353
1491.png 0.427451 0.878431 0.819608
149_img_.png 0.231373 0.796078 0.901961
14_img_.png 0.235294 0.788235 0.968627
15001.png 0.458824 0.482353 0.274510
15003.png 0.356863 0.392157 0.231373
15045.png 0.980392 1.000000 1.000000
15094.png 0.717647 0.909804 0.952941
150_img_.png 0.035294 0.309804 0.784314
15113.png 0.588235 0.647059 0.643137
15136.png 0.654902 0.850980 0.988235
151_img_.png 0.086275 0.431373 0.823529
152_img_.png 0.894118 0.988235 1.000000
1539.png 0.164706 0.847059 0.921569
153_img_.png 0.211765 0.525490 0.764706
15418.png 0.400000 0.486275 0.772549
15426.png 0.682353 0.988235 1.000000
154_img_.png 0.745098 0.925490 0.929412
15544.png 0.392157 0.454902 0.356863
155_img_.png 0.086275 0.333333 0.360784
156_img_.png 0.505882 0.937255 0.992157
15704.png 0.745098 1.000000 0.988235
1573.png 0.368627 0.882353 1.000000
157_img_.png 0.098039 0.305882 0.674510
158_img_.png 0.494118 0.929412 0.992157
159_img_.png 0.337255 0.541176 0.694118
15_img_.png 0.003922 0.615686 0.709804
160_img_.png 1.000000 1.000000 1.000000
161_img_.png 0.937255 1.000000 1.000000
162_img_.png 1.000000 1.000000 1.000000
163_img_.png 0.694118 0.952941 0.988235
164_img_.png 0.466667 0.956863 0.980392
165_img_.png 0.392157 0.952941 0.984314
1660.png 1.000000 1.000000 1.000000
166_img_.png 1.000000 1.000000 1.000000
168_img_.png 0.705882 0.862745 0.847059
169_img_.png 1.000000 0.988235 1.000000
16_img_.png 0.180392 0.349020 0.474510
170_img_.png 0.462745 0.470588 0.584314
171_img_.png 0.470588 0.647059 0.560784
172_img_.png 0.878431 1.000000 1.000000
173_img_.png 0.129412 0.560784 0.937255
1742.png 0.545098 0.827451 0.835294
174_img_.png 0.380392 0.537255 0.705882
175_img_.png 0.101961 0.384314 0.439216
176_img_.png 0.345098 0.494118 0.635294
177_img_.png 0.023529 0.368627 0.850980
178_img_.png 0.341176 0.470588 0.886275
179_img_.png 0.450980 0.560784 0.513726
17_img_.png 0.407843 0.694118 0.894118
180_img_.png 0.415686 0.650980 0.682353
182_img_.png 0.160784 0.721569 0.956863
183_img_.png 0.156863 0.364706 0.454902
184_img_.png 0.639216 0.796078 0.968627
185_img_.png 0.827451 0.835294 0.792157
186_img_.png 0.309804 0.552941 0.725490
187_img_.png 0.227451 0.533333 0.662745
188_img_.png 0.678431 0.741176 0.705882
189_img_.png 0.709804 0.968627 0.964706
18_img_.png 0.956863 0.972549 0.988235
190_img_.png 0.843137 0.952941 0.956863
191_img_.png 0.000000 0.666667 0.850980
192_img_.png 0.560784 0.952941 0.921569
193_img_.png 0.109804 0.615686 0.831373
194_img_.png 0.262745 0.325490 0.403922
1957.png 0.654902 0.713726 0.690196
195_img_.png 0.152941 0.576471 0.729412
196_img_.png 0.082353 0.180392 0.301961
197_img_.png 0.854902 1.000000 1.000000
198_img_.png 0.635294 0.921569 0.980392
199_img_.png 0.376471 0.752941 0.909804
19_img_.png 0.411765 0.909804 0.925490
20.png 0.058824 0.749020 0.992157
200_img_.png 0.729412 0.741176 0.870588
201_img_.png 0.376471 0.705882 0.713726
202_img_.png 0.670588 0.698039 0.658824
203_img_.png 0.035294 0.745098 0.717647
204_img_.png 0.341176 0.486275 0.352941
205_img_.png 0.678431 0.882353 1.000000
206_img_.png 0.988235 0.996078 0.996078
207_img_.png 0.345098 0.435294 0.490196
208_img_.png 0.815686 0.890196 0.905882
209_img_.png 0.486275 0.662745 0.643137
210_img_.png 0.054902 0.388235 0.470588
211_img_.png 1.000000 1.000000 1.000000
212_img_.png 0.996078 1.000000 0.996078
213_img_.png 0.192157 0.600000 0.980392
214_img_.png 0.105882 0.470588 0.827451
215_img_.png 0.654902 0.909804 0.976471
216_img_.png 1.000000 1.000000 1.000000
217_img_.png 0.988235 0.984314 0.988235
219_img_.png 0.996078 1.000000 0.996078
220_img_.png 0.501961 0.827451 0.866667
221_img_.png 0.098039 0.501961 0.803922
222_img_.png 0.196078 0.592157 0.698039
223_img_.png 0.129412 0.541176 0.800000
224_img_.png 0.086275 0.572549 0.815686
225_img_.png 0.372549 0.721569 0.894118
226_img_.png 0.125490 0.470588 0.717647
227_img_.png 0.862745 0.882353 0.945098
228_img_.png 0.219608 0.611765 0.905882
229_img_.png 0.176471 0.274510 0.349020
22_img_.png 0.180392 0.517647 0.674510
230_img_.png 1.000000 1.000000 1.000000
231_img_.png 0.188235 0.556863 0.839216
232_img_.png 0.196078 0.431373 0.843137
233_img_.png 0.141176 0.423529 0.658824
234_img_.png 0.894118 0.984314 0.831373
236_img_.png 0.258824 0.466667 0.709804
238_img_.png 0.188235 0.607843 0.941176
23_img_.png 0.286275 0.615686 0.713726
240_img_.png 0.258824 0.745098 0.964706
241_img_.png 0.443137 0.843137 0.941176
242_img_.png 1.000000 1.000000 1.000000
243_img_.png 0.250980 0.650980 1.000000
244_img_.png 0.333333 0.678431 0.827451
245_img_.png 0.313726 0.584314 0.819608
246_img_.png 0.074510 0.337255 0.745098
247_img_.png 1.000000 1.000000 1.000000
248_img_.png 0.972549 0.984314 0.988235
24_img_.png 0.945098 0.854902 0.968627
251_img_.png 0.952941 0.988235 0.968627
252_img_.png 0.384314 0.737255 0.984314
253_img_.png 0.996078 1.000000 0.996078
2546.png 0.156863 0.450980 0.713726
254_img_.png 0.784314 0.968627 0.984314
255_img_.png 0.074510 0.752941 1.000000
257_img_.png 0.101961 0.447059 0.694118
258_img_.png 0.466667 0.537255 0.600000
259_img_.png 0.564706 0.721569 0.874510
25_img_.png 0.501961 0.819608 0.941176
260_img_.png 0.231373 0.909804 0.968627
261_img_.png 1.000000 1.000000 1.000000
2629.png 0.160784 0.164706 0.188235
262_img_.png 0.886275 1.000000 1.000000
263_img_.png 0.000000 0.780392 0.839216
265_img_.png 0.745098 0.968627 0.996078
266_img_.png 0.992157 1.000000 0.921569
2677.png 0.254902 0.501961 0.607843
267_img_.png 0.964706 1.000000 1.000000
268_img_.png 0.392157 0.568627 0.658824
26_img_.png 0.392157 0.694118 0.847059
2701.png 0.278431 0.843137 0.925490
270_img_.png 0.996078 1.000000 1.000000
271_img_.png 1.000000 1.000000 1.000000
272_img_.png 0.905882 1.000000 1.000000
273_img_.png 0.474510 0.690196 0.913725
274_img_.png 1.000000 0.992157 1.000000
275_img_.png 0.054902 0.066667 0.141176
276_img_.png 0.639216 0.964706 1.000000
2774.png 0.560784 0.945098 0.964706
277_img_.png 0.098039 0.435294 0.509804
2787.png 0.172549 0.321569 0.600000
278_img_.png 0.007843 0.443137 0.721569
279_img_.png 0.243137 0.490196 0.768627
27_img_.png 0.239216 0.423529 0.596078
280_img_.png 0.239216 0.415686 0.682353
281_img_.png 0.517647 0.866667 0.984314
282_img_.png 0.341176 0.792157 0.768627
284_img_.png 0.415686 0.729412 0.858824
285_img_.png 0.223529 0.360784 0.435294
287_img_.png 0.125490 0.784314 0.831373
2882.png 0.878431 0.894118 0.898039
288_img_.png 0.384314 0.654902 0.643137
28_img_.png 0.094118 0.827451 0.847059
290_img_.png 0.137255 0.294118 0.400000
292_img_.png 0.537255 0.913725 0.878431
293_img_.png 0.286275 0.478431 0.741176
294_img_.png 0.215686 0.329412 0.501961
295_img_.png 0.082353 0.447059 0.823529
296_img_.png 0.360784 0.619608 0.603922
2977.png 0.274510 0.501961 0.780392
298_img_.png 0.713726 0.788235 0.807843
299_img_.png 0.058824 0.886275 0.870588
29_img_.png 0.662745 0.733333 0.984314
2_img_.png 0.023529 0.458824 0.819608
3001.png 0.121569 0.568627 0.945098
300_img_.png 0.254902 0.427451 0.835294
3015.png 0.145098 0.333333 0.525490
301_img_.png 0.176471 0.396078 0.596078
302_img_.png 0.121569 0.337255 0.556863
303_img_.png 0.686275 0.890196 0.945098
304_img_.png 0.866667 0.972549 0.996078
305_img_.png 0.050980 0.482353 0.596078
306_img_.png 0.125490 0.184314 0.274510
307_img_.png 0.431373 0.627451 0.556863
30_img_.png 0.121569 0.470588 0.635294
31.png 0.219608 0.815686 1.000000
311_img_.png 0.686275 0.956863 0.823529
312_img_.png 0.141176 0.600000 0.901961
313_img_.png 0.325490 0.627451 0.839216
314_img_.png 0.498039 0.972549 1.000000
315_img_.png 0.337255 0.584314 0.721569
316_img_.png 0.019608 0.572549 0.847059
317_img_.png 0.125490 0.474510 0.741176
318_img_.png 0.062745 0.431373 0.674510
3196.png 0.164706 0.403922 0.513726
319_img_.png 0.215686 0.517647 0.737255
3202.png 0.117647 0.384314 0.474510
320_img_.png 0.274510 0.411765 0.658824
322_img_.png 0.611765 0.996078 1.000000
323_img_.png 0.094118 0.643137 0.882353
324_img_.png 0.141176 0.427451 0.627451
325_img_.png 0.627451 0.807843 0.937255
326_img_.png 0.368627 0.721569 0.964706
327_img_.png 0.168627 0.580392 0.803922
328_img_.png 0.337255 0.498039 0.521569
32_img_.png 0.188235 0.737255 0.792157
330_img_.png 0.149020 0.384314 0.572549
332_img_.png 0.192157 0.333333 0.560784
3330.png 0.078431 0.827451 1.000000
334_img_.png 0.305882 0.792157 0.941176
336_img_.png 1.000000 1.000000 1.000000
337_img_.png 0.070588 1.000000 1.000000
338_img_.png 0.243137 0.396078 0.525490
340_img_.png 0.227451 0.823529 0.968627
341_img_.png 0.439216 0.921569 0.980392
342_img_.png 0.196078 0.482353 0.792157
343_img_.png 0.462745 0.662745 0.886275
345_img_.png 0.070588 0.623529 0.878431
346_img_.png 0.117647 0.415686 0.623529
347_img_.png 0.533333 0.792157 0.847059
348_img_.png 0.600000 0.921569 1.000000
35.png 0.462745 0.956863 0.996078
350_img_.png 0.172549 0.592157 0.772549
351_img_.png 0.329412 0.737255 0.874510
353_img_.png 0.776471 0.921569 0.949020
355_img_.png 0.490196 0.654902 0.749020
356_img_.png 0.505882 0.858824 1.000000
359_img_.png 0.141176 0.596078 0.921569
360_img_.png 0.392157 0.650980 0.847059
361_img_.png 0.380392 0.678431 0.913725
362_img_.png 0.003922 0.662745 1.000000
363_img_.png 0.109804 0.647059 0.921569
364_img_.png 0.027451 0.333333 0.768627
3650.png 0.403922 0.815686 0.870588
365_img_.png 0.070588 0.639216 0.972549
366_img_.png 0.470588 0.996078 0.960784
367_img_.png 0.639216 0.972549 1.000000
369_img_.png 0.156863 0.494118 0.835294
370_img_.png 0.058824 0.058824 0.090196
371_img_.png 0.333333 0.717647 0.905882
3728.png 0.211765 0.615686 0.745098
372_img_.png 0.266667 0.529412 0.713726
373_img_.png 0.019608 0.215686 0.549020
374_img_.png 0.149020 0.533333 0.827451
375_img_.png 0.211765 0.396078 0.600000
376_img_.png 0.184314 0.317647 0.698039
377_img_.png 0.286275 0.341176 0.466667
378_img_.png 0.525490 0.674510 0.819608
379_img_.png 0.356863 0.478431 0.603922
37_img_.png 1.000000 1.000000 1.000000
380_img_.png 0.419608 0.505882 0.486275
381_img_.png 0.176471 0.568627 1.000000
382_img_.png 0.552941 0.517647 0.533333
383_img_.png 0.286275 0.878431 0.984314
384_img_.png 0.192157 0.525490 0.737255
385_img_.png 0.070588 0.505882 0.654902
386_img_.png 0.854902 1.000000 1.000000
387_img_.png 0.109804 0.568627 0.811765
389_img_.png 1.000000 1.000000 0.988235
391_img_.png 0.192157 0.494118 0.619608
3925.png 0.811765 0.862745 0.905882
392_img_.png 0.176471 0.384314 0.596078
393_img_.png 0.411765 0.643137 0.894118
3947.png 0.109804 0.360784 0.454902
394_img_.png 0.215686 0.541176 0.513726
395_img_.png 0.070588 0.541176 0.776471
39_img_.png 0.023529 0.627451 0.952941
3_img_.png 0.380392 0.643137 0.972549
4.png 0.478431 0.615686 0.650980
400_img_.png 0.047059 0.082353 0.149020
401_img_.png 0.615686 0.992157 0.988235
402_img_.png 0.580392 0.925490 1.000000
403_img_.png 0.141176 0.529412 0.894118
404_img_.png 0.380392 0.666667 0.623529
405_img_.png 0.800000 0.925490 0.976471
406_img_.png 0.419608 1.000000 1.000000
4070.png 0.176471 0.396078 0.501961
407_img_.png 0.937255 0.949020 0.968627
408_img_.png 0.447059 0.949020 0.992157
409_img_.png 0.443137 0.756863 0.996078
410_img_.png 0.352941 0.937255 0.933333
411_img_.png 0.349020 0.792157 1.000000
412_img_.png 0.286275 0.713726 0.741176
413_img_.png 0.125490 0.988235 1.000000
415_img_.png 0.537255 0.968627 1.000000
416_img_.png 0.317647 0.733333 0.968627
417_img_.png 0.529412 0.725490 0.870588
418_img_.png 0.235294 0.482353 0.752941
419_img_.png 0.015686 0.556863 0.850980
41_img_.png 0.494118 0.686275 1.000000
420_img_.png 0.027451 0.545098 0.870588
421_img_.png 1.000000 0.980392 1.000000
422_img_.png 0.184314 0.639216 0.839216
423_img_.png 0.184314 0.533333 0.933333
424_img_.png 0.513726 0.647059 0.988235
425_img_.png 0.227451 0.647059 0.968627
428_img_.png 0.313726 0.670588 0.956863
429_img_.png 0.180392 0.631373 0.984314
42_img_.png 0.094118 0.360784 0.623529
432_img_.png 0.505882 0.576471 0.556863
433_img_.png 0.584314 0.607843 0.631373
435_img_.png 0.207843 0.478431 0.784314
436_img_.png 0.521569 0.847059 0.768627
437_img_.png 0.988235 0.964706 0.992157
438_img_.png 0.180392 0.670588 0.768627
439_img_.png 0.247059 0.584314 0.635294
43_img_.png 0.027451 0.741176 0.921569
440_img_.png 0.337255 0.635294 0.619608
441_img_.png 0.600000 0.764706 0.866667
442_img_.png 0.149020 0.545098 0.725490
443_img_.png 0.866667 0.988235 0.996078
444_img_.png 0.439216 0.807843 0.898039
445_img_.png 0.505882 0.701961 0.988235
446_img_.png 0.309804 0.619608 0.878431
447_img_.png 0.494118 0.917647 0.988235
448_img_.png 0.078431 0.419608 0.611765
449_img_.png 0.070588 0.341176 0.988235
44_img_.png 0.270588 0.752941 1.000000
450_img_.png 0.113725 0.435294 0.745098
451_img_.png 0.866667 0.913725 0.929412
452_img_.png 0.266667 0.772549 0.956863
453_img_.png 0.984314 0.988235 0.996078
454_img_.png 0.305882 0.576471 0.894118
455_img_.png 0.537255 0.701961 0.949020
457_img_.png 0.886275 0.917647 0.941176
458_img_.png 0.196078 0.450980 0.607843
459_img_.png 0.568627 0.854902 0.949020
45_img_.png 0.219608 0.807843 0.898039
460_img_.png 0.243137 0.819608 1.000000
461_img_.png 0.109804 0.521569 0.878431
462_img_.png 0.415686 0.847059 0.945098
463_img_.png 0.219608 0.678431 0.960784
464_img_.png 0.329412 0.580392 0.698039
465_img_.png 0.372549 0.694118 0.921569
466_img_.png 0.337255 0.713726 0.909804
467_img_.png 0.247059 0.537255 0.713726
468_img_.png 0.086275 0.564706 0.850980
469_img_.png 0.678431 0.894118 1.000000
46_img_.png 0.054902 0.556863 0.694118
470_img_.png 0.964706 0.929412 0.800000
471_img_.png 0.380392 0.631373 0.784314
472_img_.png 0.560784 0.517647 0.505882
473_img_.png 0.054902 0.533333 0.631373
476_img_.png 0.701961 0.972549 1.000000
477_img_.png 0.729412 0.976471 0.984314
478_img_.png 0.337255 0.996078 1.000000
479_img_.png 0.596078 0.941176 0.964706
480_img_.png 0.545098 0.792157 0.858824
481_img_.png 0.478431 0.843137 0.964706
482_img_.png 0.800000 0.901961 1.000000
483_img_.png 0.066667 0.458824 0.905882
484_img_.png 0.964706 0.988235 0.980392
485_img_.png 0.423529 0.658824 0.737255
486_img_.png 0.376471 0.921569 0.941176
487_img_.png 0.188235 0.333333 0.376471
488_img_.png 0.309804 0.780392 0.976471
489_img_.png 0.352941 0.909804 1.000000
48_img_.png 0.701961 0.741176 0.847059
490_img_.png 0.176471 0.623529 0.968627
491_img_.png 0.101961 0.301961 0.470588
492_img_.png 0.254902 0.639216 0.925490
493_img_.png 0.180392 0.439216 0.666667
494_img_.png 0.894118 0.909804 0.980392
495_img_.png 0.427451 0.945098 0.890196
496_img_.png 0.384314 0.725490 0.843137
497_img_.png 0.396078 0.737255 0.996078
498_img_.png 0.321569 0.694118 0.866667
499_img_.png 0.043137 0.831373 1.000000
49_img_.png 0.243137 0.690196 0.894118
4_img_.png 0.176471 0.400000 0.443137
501_img_.png 0.384314 0.788235 0.788235
502_img_.png 0.894118 0.933333 0.972549
503_img_.png 0.658824 0.752941 0.796078
504_img_.png 0.184314 0.623529 0.929412
505_img_.png 0.262745 0.537255 0.839216
506_img_.png 0.113725 0.498039 0.701961
507_img_.png 0.443137 0.560784 0.945098
508_img_.png 0.039216 0.427451 0.890196
509_img_.png 0.188235 0.466667 0.925490
50_img_.png 0.078431 0.266667 0.407843
510_img_.png 0.031373 0.729412 0.854902
511_img_.png 0.011765 0.368627 0.890196
512_img_.png 0.105882 0.380392 0.584314
513_img_.png 0.384314 0.603922 0.996078
515_img_.png 0.400000 0.756863 0.839216
516_img_.png 0.239216 0.729412 0.796078
517_img_.png 0.066667 0.525490 0.839216
518_img_.png 0.215686 0.474510 0.713726
519_img_.png 0.262745 0.588235 0.894118
51_img_.png 0.023529 0.168627 0.376471
524_img_.png 0.152941 0.576471 0.933333
526_img_.png 0.592157 0.980392 1.000000
527_img_.png 0.403922 0.725490 0.960784
528_img_.png 0.623529 0.905882 1.000000
52_img_.png 0.050980 0.439216 0.541176
530_img_.png 0.368627 0.788235 0.929412
531_img_.png 0.694118 0.905882 0.913725
532_img_.png 0.588235 0.878431 0.913725
533_img_.png 0.188235 0.501961 0.635294
534_img_.png 0.149020 0.368627 0.450980
535_img_.png 0.894118 0.882353 0.886275
536_img_.png 0.164706 0.501961 0.552941
537_img_.png 0.894118 1.000000 0.956863
538_img_.png 0.258824 0.407843 0.549020
539.png 0.286275 0.701961 0.709804
539_img_.png 0.576471 0.980392 1.000000
53_img_.png 1.000000 1.000000 1.000000
540_img_.png 0.364706 0.768627 0.898039
541_img_.png 0.337255 0.603922 0.654902
542_img_.png 0.192157 0.458824 0.635294
543_img_.png 0.894118 1.000000 1.000000
544_img_.png 0.686275 0.749020 0.745098
545_img_.png 0.403922 0.509804 0.584314
546_img_.png 0.537255 0.815686 0.913725
547_img_.png 0.250980 0.545098 0.800000
549_img_.png 0.474510 0.764706 0.870588
550_img_.png 0.313726 0.615686 0.796078
551_img_.png 1.000000 1.000000 1.000000
552_img_.png 0.854902 1.000000 1.000000
554_img_.png 0.188235 0.627451 0.713726
5554.png 0.376471 0.721569 0.647059
555_img_.png 1.000000 1.000000 1.000000
556_img_.png 0.552941 0.933333 0.956863
557.png 0.443137 0.949020 1.000000
557_img_.png 0.156863 0.658824 0.784314
558_img_.png 0.341176 0.721569 0.917647
559.png 0.482353 0.894118 1.000000
55_img_.png 0.996078 0.996078 1.000000
560_img_.png 0.082353 0.482353 0.815686
561_img_.png 0.066667 0.490196 0.776471
562_img_.png 0.149020 0.407843 0.737255
563.png 0.113725 0.380392 0.529412
563_img_.png 0.662745 0.745098 0.725490
564_img_.png 0.521569 0.674510 0.741176
566_img_.png 0.262745 0.749020 0.898039
567.png 0.176471 0.431373 0.603922
567_img_.png 0.341176 0.505882 0.560784
568_img_.png 0.482353 0.513726 0.525490
569_img_.png 0.047059 0.678431 0.525490
56_img_.png 0.105882 0.337255 0.556863
570_img_.png 0.498039 0.713726 0.592157
571_img_.png 0.215686 0.494118 0.368627
572_img_.png 0.211765 0.643137 0.850980
573_img_.png 0.407843 0.478431 0.525490
574_img_.png 0.352941 0.690196 0.592157
575_img_.png 0.125490 0.431373 0.376471
576_img_.png 0.403922 0.529412 0.623529
577_img_.png 0.192157 0.505882 0.454902
578_img_.png 0.227451 0.678431 0.698039
579_img_.png 0.192157 0.462745 0.380392
57_img_.png 0.662745 0.745098 0.811765
580_img_.png 0.137255 0.474510 0.431373
5818.png 0.301961 0.588235 0.580392
581_img_.png 0.525490 0.607843 0.619608
582_img_.png 0.992157 0.996078 0.996078
5830.png 0.352941 0.552941 0.603922
583_img_.png 0.513726 0.862745 0.980392
584_img_.png 0.992157 0.996078 0.996078
585_img_.png 1.000000 1.000000 1.000000
586_img_.png 0.466667 0.415686 0.513726
587_img_.png 0.584314 0.760784 0.925490
588_img_.png 1.000000 1.000000 1.000000
589_img_.png 0.533333 0.556863 0.556863
58_img_.png 0.086275 0.482353 0.560784
590_img_.png 0.768627 0.760784 0.862745
591_img_.png 0.898039 0.960784 0.976471
592_img_.png 0.505882 0.666667 0.745098
593_img_.png 0.705882 0.803922 0.831373
594_img_.png 1.000000 1.000000 1.000000
595_img_.png 1.000000 0.996078 1.000000
596_img_.png 0.996078 1.000000 1.000000
597_img_.png 0.996078 1.000000 0.996078
598.png 0.380392 0.905882 0.941176
598_img_.png 0.988235 1.000000 0.996078
599_img_.png 0.384314 0.419608 0.501961
59_img_.png 0.094118 0.486275 0.705882
600_img_.png 0.988235 1.000000 1.000000
601_img_.png 0.133333 0.368627 0.701961
602_img_.png 1.000000 1.000000 1.000000
603_img_.png 1.000000 1.000000 1.000000
604_img_.png 1.000000 1.000000 1.000000
605_img_.png 0.364706 0.643137 0.737255
6062.png 0.556863 0.996078 1.000000
606_img_.png 0.376471 0.509804 0.545098
607_img_.png 0.372549 0.521569 0.509804
6082.png 0.254902 0.592157 0.615686
608_img_.png 0.231373 0.564706 0.858824
609_img_.png 1.000000 1.000000 1.000000
60_img_.png 0.207843 0.392157 0.364706
610_img_.png 0.407843 0.627451 0.827451
611_img_.png 0.109804 0.431373 0.819608
612_img_.png 0.333333 0.474510 0.607843
613_img_.png 0.521569 0.666667 0.690196
614_img_.png 0.149020 0.270588 0.450980
615_img_.png 0.321569 0.345098 0.443137
616_img_.png 0.890196 0.937255 0.898039
617_img_.png 0.447059 0.607843 0.717647
618_img_.png 0.988235 1.000000 0.952941
619_img_.png 1.000000 1.000000 0.992157
61_img_.png 0.462745 0.819608 1.000000
620_img_.png 0.243137 0.321569 0.376471
621_img_.png 0.325490 0.454902 0.494118
622_img_.png 0.043137 0.654902 0.764706
623_img_.png 0.886275 0.976471 0.980392
625_img_.png 0.862745 0.862745 0.862745
626_img_.png 1.000000 1.000000 1.000000
627_img_.png 0.298039 0.435294 0.560784
628_img_.png 0.203922 0.329412 0.278431
629_img_.png 0.952941 0.945098 0.894118
62_img_.png 0.031373 0.745098 0.929412
630_img_.png 0.101961 0.129412 0.152941
631_img_.png 0.721569 0.901961 0.792157
632_img_.png 0.101961 0.290196 0.600000
633_img_.png 0.129412 0.521569 0.792157
634_img_.png 0.105882 0.286275 0.372549
635_img_.png 0.086275 0.258824 0.411765
636_img_.png 0.768627 0.925490 0.913725
637_img_.png 1.000000 1.000000 1.000000
638_img_.png 0.443137 0.545098 0.682353
639_img_.png 1.000000 1.000000 0.980392
63_img_.png 0.094118 0.392157 0.588235
640_img_.png 0.305882 0.411765 0.580392
641_img_.png 0.247059 0.415686 0.592157
642_img_.png 0.913725 1.000000 0.952941
645_img_.png 0.407843 0.560784 0.541176
646_img_.png 0.415686 0.650980 0.682353
647_img_.png 0.270588 0.384314 0.439216
648_img_.png 0.290196 0.615686 0.686275
649_img_.png 0.945098 0.890196 0.784314
64_img_.png 0.231373 0.607843 0.780392
650_img_.png 0.419608 0.541176 0.713726
651.png 0.164706 0.803922 0.968627
651_img_.png 0.003922 0.427451 0.952941
652_img_.png 0.776471 1.000000 1.000000
653_img_.png 0.925490 1.000000 1.000000
654_img_.png 0.290196 0.647059 0.996078
655_img_.png 0.192157 0.592157 0.976471
656_img_.png 0.447059 0.984314 1.000000
657_img_.png 0.282353 0.760784 0.843137
658_img_.png 0.764706 0.850980 0.670588
659_img_.png 0.262745 0.670588 0.956863
65_img_.png 0.062745 0.541176 0.929412
660_img_.png 0.686275 0.980392 0.992157
661_img_.png 0.705882 0.741176 0.894118
662_img_.png 0.219608 0.643137 0.745098
663_img_.png 0.309804 0.549020 0.874510
666_img_.png 0.709804 0.874510 0.972549
668_img_.png 0.854902 0.898039 0.921569
670_img_.png 0.274510 0.729412 0.760784
672_img_.png 0.603922 0.839216 0.980392
673_img_.png 0.745098 1.000000 1.000000
674_img_.png 0.294118 0.592157 0.831373
675_img_.png 0.329412 0.635294 0.956863
676_img_.png 0.176471 0.466667 0.619608
677_img_.png 0.392157 0.749020 1.000000
6788.png 0.572549 0.807843 0.917647
678_img_.png 0.235294 0.733333 0.843137
679_img_.png 0.670588 0.858824 0.854902
67_img_.png 0.015686 0.478431 0.843137
680_img_.png 0.701961 0.827451 0.874510
681_img_.png 0.568627 0.854902 0.866667
6820.png 0.176471 0.529412 0.737255
682_img_.png 0.741176 0.858824 0.862745
683_img_.png 0.050980 0.372549 0.678431
684_img_.png 0.243137 0.631373 0.745098
685_img_.png 0.490196 0.745098 0.996078
686_img_.png 0.188235 0.631373 0.937255
6872.png 0.090196 0.403922 0.674510
687_img_.png 0.141176 0.568627 0.890196
688_img_.png 0.019608 0.368627 0.862745
689_img_.png 0.007843 0.329412 0.627451
690_img_.png 0.109804 0.811765 1.000000
691_img_.png 0.078431 0.564706 0.862745
692_img_.png 0.329412 0.733333 0.737255
694_img_.png 0.862745 0.862745 0.949020
695_img_.png 0.305882 0.945098 0.980392
696_img_.png 0.074510 0.384314 0.545098
697_img_.png 0.054902 0.388235 0.666667
698_img_.png 0.415686 0.666667 0.854902
699_img_.png 0.556863 0.784314 0.972549
6_img_.png 0.450980 0.756863 0.894118
700_img_.png 0.258824 0.768627 1.000000
701_img_.png 0.792157 0.878431 0.870588
7027.png 0.407843 0.662745 0.827451
702_img_.png 0.262745 0.941176 0.964706
703_img_.png 0.192157 0.764706 0.760784
704_img_.png 0.184314 0.819608 0.917647
705_img_.png 0.403922 0.701961 1.000000
706_img_.png 0.176471 0.568627 1.000000
707_img_.png 0.356863 0.607843 0.874510
708_img_.png 0.470588 0.890196 1.000000
709_img_.png 0.007843 0.349020 1.000000
70_img_.png 0.266667 0.509804 0.686275
710_img_.png 0.588235 0.996078 1.000000
711_img_.png 0.654902 0.854902 0.929412
712_img_.png 0.384314 0.572549 0.862745
713_img_.png 0.658824 0.866667 1.000000
714_img_.png 0.227451 0.286275 0.376471
715_img_.png 0.698039 0.803922 0.909804
716_img_.png 0.600000 0.921569 1.000000
718_img_.png 0.188235 0.729412 0.776471
719_img_.png 0.768627 0.850980 0.964706
720_img_.png 0.317647 0.670588 0.956863
721_img_.png 0.054902 0.635294 0.890196
722_img_.png 0.113725 0.831373 0.988235
723_img_.png 0.517647 0.823529 0.847059
724_img_.png 0.352941 0.474510 0.870588
725_img_.png 0.290196 0.572549 0.905882
726_img_.png 0.541176 0.768627 0.949020
727_img_.png 0.231373 0.568627 0.635294
728_img_.png 0.498039 0.800000 1.000000
729_img_.png 0.337255 0.678431 0.717647
72_img_.png 0.505882 0.878431 0.949020
730_img_.png 0.713726 1.000000 1.000000
731_img_.png 0.556863 0.909804 1.000000
732_img_.png 0.427451 0.717647 1.000000
733_img_.png 0.756863 0.988235 0.862745
734_img_.png 0.372549 0.745098 0.972549
735_img_.png 0.349020 0.843137 1.000000
736_img_.png 0.231373 0.505882 0.745098
737_img_.png 0.482353 0.749020 0.992157
738_img_.png 0.266667 1.000000 1.000000
73_img_.png 0.184314 0.364706 0.658824
740_img_.png 0.474510 0.956863 0.949020
741_img_.png 0.792157 0.874510 0.854902
743_img_.png 0.458824 0.698039 0.984314
744_img_.png 0.733333 0.937255 0.956863
745_img_.png 0.145098 0.701961 0.960784
746_img_.png 0.631373 0.819608 0.909804
747_img_.png 0.474510 0.972549 1.000000
748_img_.png 0.713726 0.980392 0.960784
749_img_.png 0.352941 0.701961 0.807843
74_img_.png 0.109804 0.564706 0.898039
750_img_.png 0.215686 0.678431 1.000000
751_img_.png 0.901961 1.000000 1.000000
752_img_.png 0.313726 0.662745 0.807843
753_img_.png 0.137255 0.521569 0.674510
754_img_.png 0.172549 0.482353 0.847059
756.png 0.725490 0.992157 0.988235
756_img_.png 0.800000 0.996078 1.000000
757_img_.png 1.000000 1.000000 1.000000
758.png 0.372549 0.972549 0.992157
758_img_.png 0.603922 0.811765 0.917647
759_img_.png 0.388235 0.745098 1.000000
760_img_.png 0.164706 0.274510 0.345098
762_img_.png 0.113725 0.294118 0.301961
763_img_.png 1.000000 0.996078 1.000000
7643.png 0.490196 0.843137 0.886275
764_img_.png 0.901961 0.960784 0.984314
7654.png 0.643137 0.882353 0.956863
765_img_.png 0.607843 0.760784 0.788235
766_img_.png 0.839216 0.909804 0.913725
767_img_.png 0.223529 0.921569 0.937255
768_img_.png 0.200000 0.352941 0.635294
769_img_.png 0.396078 0.870588 0.854902
76_img_.png 0.066667 0.470588 0.580392
770_img_.png 0.717647 0.901961 0.945098
771_img_.png 0.741176 0.968627 0.992157
772_img_.png 0.584314 0.862745 0.972549
773_img_.png 0.674510 1.000000 1.000000
775_img_.png 0.411765 0.776471 0.937255
776_img_.png 0.301961 0.756863 0.984314
777_img_.png 0.509804 0.721569 0.858824
778_img_.png 0.352941 0.596078 0.607843
779_img_.png 0.156863 0.486275 0.509804
77_img_.png 0.913725 0.905882 0.905882
780_img_.png 0.270588 0.709804 0.870588
781_img_.png 0.239216 0.486275 0.525490
782_img_.png 0.427451 0.690196 0.898039
783_img_.png 0.576471 0.827451 0.831373
784_img_.png 0.015686 0.094118 0.380392
785_img_.png 0.211765 0.376471 0.596078
786_img_.png 0.792157 0.878431 0.870588
787_img_.png 0.239216 0.568627 0.854902
788_img_.png 0.749020 0.945098 0.988235
789_img_.png 0.949020 1.000000 0.972549
78_img_.png 0.549020 0.788235 1.000000
790_img_.png 0.894118 0.905882 0.909804
7916.png 0.043137 0.356863 0.745098
791_img_.png 0.247059 0.482353 1.000000
792_img_.png 0.286275 0.701961 1.000000
793_img_.png 0.172549 0.200000 0.415686
794_img_.png 0.745098 1.000000 1.000000
795_img_.png 0.145098 0.709804 0.984314
796_img_.png 0.854902 0.854902 0.854902
797_img_.png 0.262745 0.619608 0.905882
798_img_.png 0.874510 0.870588 0.866667
799_img_.png 0.149020 0.392157 0.835294
79_img_.png 0.623529 0.956863 1.000000
7_img_.png 0.172549 0.368627 0.474510
800_img_.png 0.411765 0.831373 1.000000
8010.png 0.325490 0.745098 1.000000
802_img_.png 0.772549 0.874510 0.831373
803_img_.png 0.878431 0.933333 0.949020
8046.png 0.494118 0.713726 0.858824
804_img_.png 0.400000 0.741176 1.000000
8056.png 0.266667 0.501961 0.635294
806_img_.png 0.996078 1.000000 1.000000
807_img_.png 0.478431 0.913725 1.000000
808_img_.png 0.239216 0.552941 0.690196
809_img_.png 0.572549 0.776471 0.972549
80_img_.png 0.996078 0.996078 0.996078
810_img_.png 0.141176 0.658824 1.000000
811_img_.png 0.250980 0.474510 0.639216
812_img_.png 1.000000 1.000000 1.000000
813_img_.png 0.286275 0.678431 0.972549
814_img_.png 0.349020 0.356863 0.403922
815_img_.png 0.211765 0.713726 0.858824
816_img_.png 0.388235 0.807843 1.000000
817_img_.png 0.337255 0.905882 0.925490
818_img_.png 0.180392 0.674510 0.874510
819_img_.png 1.000000 1.000000 1.000000
820_img_.png 0.901961 0.972549 0.972549
821_img_.png 0.745098 0.862745 1.000000
822_img_.png 0.549020 0.650980 0.752941
823_img_.png 0.050980 0.392157 0.627451
8262.png 0.133333 0.435294 0.749020
827_img_.png 0.356863 0.698039 0.866667
8288.png 0.521569 0.713726 0.698039
828_img_.png 0.396078 0.690196 1.000000
829_img_.png 0.470588 0.890196 1.000000
82_img_.png 0.980392 1.000000 1.000000
831_img_.png 0.423529 0.705882 0.988235
832_img_.png 0.231373 0.568627 0.635294
833_img_.png 0.278431 0.745098 1.000000
834_img_.png 0.466667 0.952941 0.992157
835_img_.png 0.768627 0.992157 0.956863
837.png 0.694118 0.858824 0.858824
837_img_.png 0.701961 0.784314 0.870588
838_img_.png 0.811765 1.000000 1.000000
841.png 0.992157 0.984314 0.823529
841_img_.png 0.494118 0.482353 0.901961
842_img_.png 0.035294 0.643137 0.823529
843_img_.png 0.317647 0.701961 1.000000
844_img_.png 0.384314 0.901961 0.952941
845_img_.png 0.352941 0.443137 0.545098
846_img_.png 0.392157 0.670588 0.792157
847_img_.png 0.866667 0.866667 0.866667
848_img_.png 0.835294 0.827451 0.807843
849_img_.png 0.639216 1.000000 0.992157
850_img_.png 0.239216 0.780392 0.870588
851_img_.png 0.564706 0.729412 0.760784
852_img_.png 0.341176 0.686275 0.917647
854_img_.png 0.054902 0.686275 0.807843
855_img_.png 0.270588 0.603922 0.725490
856_img_.png 0.384314 0.454902 0.513726
857_img_.png 0.870588 0.968627 0.996078
858_img_.png 0.698039 0.807843 0.749020
859_img_.png 0.309804 0.529412 0.635294
860_img_.png 0.227451 0.098039 0.603922
861_img_.png 0.239216 0.486275 0.647059
862_img_.png 0.525490 0.941176 0.996078
863_img_.png 0.458824 0.717647 0.921569
865_img_.png 0.419608 0.737255 0.854902
866_img_.png 0.266667 0.584314 0.643137
867_img_.png 0.423529 0.741176 0.925490
868_img_.png 0.172549 0.509804 0.796078
869_img_.png 0.137255 0.619608 0.921569
86_img_.png 0.062745 0.874510 0.835294
871_img_.png 0.498039 0.780392 0.968627
872_img_.png 0.368627 0.674510 1.000000
873_img_.png 0.588235 0.654902 0.874510
874_img_.png 0.854902 0.854902 0.854902
875_img_.png 0.427451 0.784314 0.854902
876_img_.png 0.909804 0.968627 0.996078
877_img_.png 0.070588 0.262745 0.525490
878_img_.png 0.933333 1.000000 1.000000
879_img_.png 0.050980 0.349020 0.917647
87_img_.png 0.592157 0.717647 0.768627
880_img_.png 0.309804 0.423529 0.486275
881_img_.png 0.686275 0.980392 1.000000
887_img_.png 0.400000 0.792157 1.000000
889_img_.png 0.207843 0.423529 0.584314
890.png 0.764706 0.756863 0.698039
890_img_.png 0.611765 0.972549 0.960784
891_img_.png 0.172549 0.149020 0.101961
892_img_.png 0.996078 0.996078 0.992157
893_img_.png 0.635294 0.898039 1.000000
895_img_.png 0.592157 0.670588 0.749020
896_img_.png 0.317647 1.000000 0.996078
89_img_.png 0.019608 0.639216 0.815686
8_img_.png 0.450980 0.752941 0.713726
901_img_.png 0.109804 0.105882 0.101961
904_img_.png 0.937255 1.000000 1.000000
905_img_.png 0.043137 0.933333 0.780392
906_img_.png 0.898039 0.913725 0.894118
907_img_.png 0.494118 0.827451 0.945098
908_img_.png 1.000000 1.000000 1.000000
909_img_.png 1.000000 1.000000 1.000000
90_img_.png 0.349020 0.576471 0.674510
910_img_.png 0.666667 1.000000 1.000000
911_img_.png 0.427451 0.564706 0.741176
912_img_.png 0.180392 0.678431 0.988235
913_img_.png 0.537255 0.921569 1.000000
914_img_.png 0.545098 0.752941 0.956863
915_img_.png 0.639216 0.996078 0.996078
916_img_.png 0.988235 1.000000 1.000000
917_img_.png 0.431373 0.588235 0.670588
918_img_.png 1.000000 1.000000 1.000000
919_img_.png 0.501961 0.552941 0.486275
91_img_.png 0.309804 0.713726 0.929412
920_img_.png 0.309804 0.427451 0.858824
921_img_.png 1.000000 1.000000 0.992157
922_img_.png 0.627451 0.862745 1.000000
923_img_.png 0.015686 0.007843 0.027451
924_img_.png 0.862745 1.000000 0.807843
925_img_.png 0.647059 0.901961 0.976471
926_img_.png 0.137255 0.521569 0.847059
927_img_.png 0.776471 0.905882 0.937255
928_img_.png 0.137255 0.368627 0.749020
929_img_.png 0.309804 0.501961 0.972549
92_img_.png 0.415686 0.588235 0.670588
94_img_.png 0.074510 0.513726 0.600000
9547.png 0.286275 0.611765 0.878431
9554.png 0.807843 0.996078 0.996078
9557.png 0.211765 0.498039 0.721569
9567.png 0.482353 0.709804 0.858824
95_img_.png 1.000000 1.000000 1.000000
96_img_.png 1.000000 1.000000 1.000000
97_img_.png 0.400000 0.631373 0.843137
9896.png 0.278431 0.843137 0.901961
98_img_.png 0.317647 0.690196 0.862745
9900.png 0.047059 0.956863 0.996078
9907.png 0.235294 0.976471 0.988235
9947.png 0.243137 0.803922 0.960784
99_img_.png 0.980392 1.000000 1.000000
9_img_.png 0.364706 0.772549 0.917647
